Pattern: x000xxxxxxxxxxxxx001xxxxxxxxxxxxx010xxxxxxxxxxxxx011xxxxxxxxxxxxx100xxxxxxxxxxxxx101xxxxxxxxxxxxx110xxxxxxxxxxxxx111xxxxxxxxxxxx
0000100000100000
1100011111001000
0000000000000000
1001000110100000
0111111111000101
0000000000000000
0000000000000000
0000001011111110
1001000000001000
0110001100111111
0111001011010110
0000001101101110
0001001101100111
0010001101100010
0011001101100000
0100001101010010
0101001101100000
0110001101100000
0111001101100001
0000001101010000
0001001101010110
0010001101110110
0011001110000001
0100001101101111
0101001101100000
0110001101100010
0111001101010110
0000001101011001
0001001101100000
0010001101100000
0011001101010110
0100001101001000
0101001101000110
0110001101100010
0111001101011000
0000001101100000
0001001101100000
0010001101101001
0011001101100011
0100001101100011
0101001101010000
0110001101000100
0111001011011111
0000001101110110
0001001101100101
0010001101001110
0011001100111000
0100001101100100
0101001101110000
0110001101100110
0111001101110010
0000001101110000
0001001101111110
0010001101011000
0011001101010110
0100001101111000
0101001101100101
0110001101100110
0111001110001110
0000001101110000
0001001101101000
0010001101110010
0011001101110000
0100001101101001
0101001101110010
0110001110000010
0111001101110010
0000001101100010
0001001101101000
0010001101110000
0011001101100000
0100001101011000
0101001101001110
0110001101100000
0111001011001110
0000001110000110
0001001110000110
0010001101110000
0011001101110011
0100001101010010
0101001101000010
0110001101101101
0111001101101100
0000001101100111
0001001101011110
0010001101100110
0011001101100100
0100001101111100
0101001101110010
0110001101010101
0111001101101000
0000001101110000
0001001101100000
0010001101100010
0011001101011110
0100001101100110
0101001101100010
0110001101100001
0111001101100000
0000001101100011
0001001101101111
0010001101100110
0011001101100100
0100001101010110
0101001101110000
0110001101000011
0111001011100101
0000001110000110
0001001101111101
0010001101101100
0011001101100000
0100001101101100
0101001101011101
0110001101100010
0111001101100110
0000001101101100
0001001101111000
0010001101101110
0011001101011100
0100001101101111
0101001101110010
0110001101010110
0111001101110010
0000001101100000
0001001101100010
0010001101110000
0011001101101100
0100001101111101
0101001110000011
0110001101110010
0111001101110001
0000001101011110
0001001101110000
0010001101110111
0011001101101000
0100001101001110
0101001100110111
1001001000001000
0110001100001100
0111001010110011
0000001101010000
0001001101011100
0010001101010110
0011001101010010
0100001100111110
0101001101010111
0110001101010110
0111001101001100
0000001101011000
0001001101000110
0010001101000111
0011001100110000
0100001101100000
0101001101101000
0110001101100001
0111001101011110
0000001101010011
0001001101010010
0010001100110110
0011001100111100
0100001101000110
0101001100111000
0110001101001010
0111001101001100
0000001100111000
0001001101011000
0010001101001100
0011001100110111
0100001100111110
0101001100001111
0110001100001000
0111001010111000
0000001101110101
0001001101001000
0010001100111111
0011001101001100
0100001101100000
0101001101010001
0110001101001100
0111001101100110
0000001101001100
0001001101000011
0010001101000000
0011001101001111
0100001101001100
0101001101010100
0110001101011110
0111001101100010
0000001101111110
0001001101111101
0010001101100000
0011001101010110
0100001101100110
0101001101011000
0110001101010010
0111001100110111
0000001101010001
0001001101001110
0010001101101000
0011001101011101
0100001101100000
0101001101010101
0110001100111000
0111001011000111
0000001101110110
0001001101100110
0010001101110000
0011001101100110
0100001100100001
0101001100110001
0110001101011000
0111001101101100
0000001101011000
0001001101011100
0010001101100110
0011001101010010
0100001101010000
0101001100111000
0110001101000010
0111001101001111
0000001101011000
0001001101010110
0010001101010100
0011001101100010
0100001101010100
0101001101000010
0110001101010011
0111001101011000
0000001101011100
0001001101000010
0010001101000001
0011001100110111
0100001101010110
0101001100100110
0110001100110010
0111001011000111
0000001100111000
0001001100111000
0010001101101000
0011001101100110
0100001101011000
0101001101011100
0110001101011001
0111001101100000
0000001101010100
0001001101011110
0010001101110110
0011001101011101
0100001101011000
0101001101100000
0110001100111100
0111001101100010
0000001101001110
0001001101010000
0010001101010010
0011001101010101
0100001101100000
0101001101010010
0110001101011111
0111001101100000
0000001101001110
0001001101010110
0010001101001100
0011001101011000
0100001101100110
0101001101000000
1001010000001000
0110001100101110
0111001011001101
0000001101100000
0001001101100111
0010001101000010
0011001100111110
0100001100110010
0101001100110000
0110001101001110
0111001101000110
0000001100111000
0001001101001000
0010001101010010
0011001101011111
0100001100110010
0101001101001110
0110001101011111
0111001101100110
0000001101011000
0001001100101110
0010001100110000
0011001101000000
0100001101010000
0101001101010010
0110001100101000
0111001100111110
0000001101001011
0001001101001011
0010001101100110
0011001101011110
0100001101010101
0101001100101110
0110001100010101
0111001010110011
0000001110000110
0001001101011100
0010001101010010
0011001101001010
0100001100110000
0101001101000110
0110001101001000
0111001101000111
0000001101011000
0001001101010110
0010001101011110
0011001101100100
0100001101100000
0101001101011100
0110001101010001
0111001101011001
0000001101101110
0001001101100000
0010001101100110
0011001101010000
0100001101101001
0101001101010000
0110001101011000
0111001101011101
0000001101011110
0001001101001110
0010001101001110
0011001101100011
0100001101010000
0101001100100010
0110001100101000
0111001011011001
0000001110000000
0001001101110101
0010001101001000
0011001101010101
0100001101011110
0101001101011101
0110001101010000
0111001101000001
0000001101011110
0001001101011100
0010001101010001
0011001101100000
0100001101010101
0101001101010010
0110001100110000
0111001101001110
0000001101100010
0001001101010000
0010001101010011
0011001101001000
0100001101001110
0101001101010011
0110001101001110
0111001101001110
0000001101000011
0001001101100000
0010001101100110
0011001101011110
0100001101011110
0101001101000001
0110001100110111
0111001011000010
0000001110000001
0001001101101011
0010001101010111
0011001100111100
0100001100101001
0101001101000111
0110001101101001
0111001101011110
0000001101010111
0001001101010101
0010001101110010
0011001101110000
0100001101111001
0101001101110111
0110001101011001
0111001101010110
0000001101010010
0001001101100001
0010001101001110
0011001100101110
0100001100110011
0101001100110000
0110001100111001
0111001101010000
0000001101001100
0001001101001110
0010001101111000
0011001101101000
0100001101010110
0101001100111001
1001011000001000
0110001100100011
0111001011000000
0000001110000001
0001001101100000
0010001101000111
0011001101011000
0100001101011100
0101001100111111
0110001101011100
0111001101010101
0000001101001010
0001001100111011
0010001101100001
0011001101000110
0100001100111000
0101001101010010
0110001101011111
0111001101000001
0000001101100011
0001001101011110
0010001101010110
0011001101010010
0100001101000110
0101001101000010
0110001101011000
0111001101011100
0000001101001110
0001001100111110
0010001101000100
0011001100101110
0100001100111000
0101001100100101
0110001100011110
0111001011000101
0000001101111110
0001001101101011
0010001101011000
0011001101011101
0100001101000000
0101001101100000
0110001101101111
0111001101100000
0000001101011101
0001001101001010
0010001101101100
0011001101100001
0100001101101100
0101001101110000
0110001101011110
0111001101101100
0000001101000110
0001001101011000
0010001101101011
0011001101001100
0100001101010000
0101001101010101
0110001101101111
0111001101101100
0000001101101000
0001001101101110
0010001101110110
0011001101100011
0100001101010011
0101001101000010
0110001100101100
0111001010111001
0000001101110110
0001001101100110
0010001101100110
0011001101100000
0100001101000110
0101001101011110
0110001100110000
0111001101001110
0000001101011111
0001001101001110
0010001101011111
0011001101100110
0100001101011110
0101001101101000
0110001101010010
0111001101011111
0000001101100110
0001001101010110
0010001101100110
0011001101000101
0100001101001100
0101001101001110
0110001101100011
0111001101100000
0000001101100010
0001001101100101
0010001101101100
0011001101010000
0100001101001101
0101001100101111
0110001100100110
0111001011100101
0000001101101100
0001001101010110
0010001101001001
0011001100101101
0100001101010010
0101001101010110
0110001101100000
0111001101100110
0000001101010110
0001001101000110
0010001110000010
0011001101110000
0100001101101111
0101001101100000
0110001100111110
0111001101011111
0000001101110000
0001001101100110
0010001101100110
0011001101000000
0100001101001110
0101001101101000
0110001101010100
0111001101010000
0000001101011001
0001001101011100
0010001101100010
0011001101001110
0100001101001110
0101001101001110
1001100000001000
0110001100001110
0111001011000000
0000001101010010
0001001101011000
0010001101011001
0011001100111111
0100001100110100
0101001100110000
0110001100100101
0111001100100110
0000001101000010
0001001100110110
0010001100110010
0011001100111001
0100001100101110
0101001100111110
0110001101001000
0111001100100010
0000001100110110
0001001100110010
0010001100100011
0011001100101101
0100001101100000
0101001101010010
0110001100110010
0111001100111110
0000001101001100
0001001101011000
0010001101000000
0011001101001111
0100001100100011
0101001100010000
0110001100000000
0111001010111000
0000001101111000
0001001101100101
0010001101000110
0011001101010010
0100001101101011
0101001101011110
0110001101100011
0111001101101100
0000001101001110
0001001101001110
0010001101010000
0011001101010110
0100001101000110
0101001100110111
0110001101010110
0111001101000000
0000001101000010
0001001101000000
0010001101011110
0011001101101111
0100001101001110
0101001101001111
0110001101000110
0111001101011101
0000001101010000
0001001101110000
0010001101100000
0011001101000010
0100001101010110
0101001100110011
0110001100100110
0111001010110001
0000001101101011
0001001101100110
0010001101011000
0011001100110110
0100001101000010
0101001101001110
0110001101010000
0111001101010000
0000001101000001
0001001100111100
0010001101011110
0011001101001110
0100001101000100
0101001100110000
0110001101000010
0111001101001010
0000001101100000
0001001101011000
0010001101100000
0011001101010010
0100001101011110
0101001100111000
0110001101011110
0111001101100111
0000001101011000
0001001101011000
0010001101000011
0011001101011100
0100001101010110
0101001101010001
0110001100101110
0111001011100001
0000001101111011
0001001101111000
0010001100101001
0011001101000010
0100001100100110
0101001101000111
0110001101001111
0111001101100001
0000001101000111
0001001101010111
0010001100110101
0011001100111111
0100001101010101
0101001101011000
0110001101000110
0111001100110110
0000001100111000
0001001101000010
0010001101010011
0011001101110001
0100001101001110
0101001101001110
0110001101001101
0111001101001010
0000001101000000
0001001101010000
0010001101000001
0011001101010010
0100001101001110
0101001101001110
1001101000001000
0110001101000001
0111001010100001
0000001101100110
0001001101100110
0010001101001001
0011001101000000
0100001101001110
0101001101000011
0110001101011111
0111001100110000
0000001101000010
0001001101001010
0010001101000010
0011001101011000
0100001101000110
0101001101001111
0110001101010010
0111001101001110
0000001101001110
0001001101010110
0010001100011110
0011001101000000
0100001101011110
0101001101010111
0110001101010010
0111001101001110
0000001101000011
0001001100111111
0010001101001111
0011001101000110
0100001100101000
0101001100100011
0110001100110110
0111001010110110
0000001101110110
0001001101100000
0010001101001101
0011001100110000
0100001101010100
0101001101010100
0110001101010111
0111001101000100
0000001101011100
0001001101011100
0010001101101010
0011001101100001
0100001101110000
0101001101001101
0110001101010011
0111001101010010
0000001101010110
0001001100111100
0010001101011110
0011001101011110
0100001101010111
0101001101011101
0110001100110111
0111001100111110
0000001101000011
0001001101010011
0010001101001000
0011001100101100
0100001100110110
0101001100110000
0110001100111110
0111001011100011
0000001101110010
0001001101101100
0010001101011000
0011001101001100
0100001101011000
0101001101100010
0110001101101100
0111001101100001
0000001101100000
0001001101000111
0010001101010010
0011001101010000
0100001101100010
0101001101100101
0110001101100000
0111001101010010
0000001101100000
0001001101100000
0010001101000110
0011001101010010
0100001101000000
0101001101010100
0110001101010010
0111001101011100
0000001101010111
0001001101010010
0010001101101110
0011001101001110
0100001101010000
0101001100111100
0110001100111100
0111001011101100
0000001101100000
0001001101101010
0010001101001100
0011001101011000
0100001101000110
0101001101010110
0110001101000010
0111001101001110
0000001101100110
0001001101100011
0010001101010011
0011001101000011
0100001101100010
0101001101100000
0110001101010110
0111001101011110
0000001101011101
0001001101100000
0010001101010110
0011001101000000
0100001100110110
0101001101100001
0110001101000110
0111001101100110
0000001101001110
0001001101011100
0010001101001110
0011001100110011
0100001100110101
0101001100101100
1001110000001000
0110001100110011
0111001011010011
0000001101110000
0001001110000010
0010001101101110
0011001101011110
0100001101101100
0101001101001110
0110001101011110
0111001101010000
0000001101000010
0001001100110111
0010001101100110
0011001101100011
0100001101010110
0101001101101101
0110001101100010
0111001101010001
0000001101010011
0001001101011000
0010001101011111
0011001101100000
0100001101011000
0101001101100110
0110001101100100
0111001101101010
0000001101011110
0001001101101110
0010001110001001
0011001110000001
0100001101001110
0101001101001111
0110001100111111
0111001011100100
0000001101111000
0001001110000110
0010001101101110
0011001101110011
0100001101101011
0101001101101100
0110001101100111
0111001101101000
0000001101100110
0001001101101110
0010001101101101
0011001101101110
0100001101000000
0101001101101011
0110001101110000
0111001101111111
0000001101110000
0001001101111001
0010001101101110
0011001101101100
0100001101100101
0101001110000000
0110001110000000
0111001101110000
0000001101111101
0001001110000000
0010001101110000
0011001101110000
0100001101011110
0101001101010111
0110001101111110
0111001011100000
0000001101110000
0001001101111101
0010001101110010
0011001101100110
0100001101100110
0101001101010111
0110001101011110
0111001101100001
0000001101100000
0001001101100000
0010001101100000
0011001101100110
0100001101110110
0101001101011101
0110001101101101
0111001101011100
0000001101100101
0001001101100010
0010001101100010
0011001101110000
0100001101110000
0101001101100101
0110001101110001
0111001101100000
0000001101101111
0001001101110011
0010001101101001
0011001101100010
0100001101100010
0101001101000010
0110001101011000
0111001100001110
0000001101111110
0001001110000010
0010001101101001
0011001101110010
0100001101110110
0101001101011110
0110001101111000
0111001101111000
0000001101100000
0001001101101000
0010001101111001
0011001110000010
0100001110000010
0101001101101110
0110001101110110
0111001110000000
0000001101110001
0001001101110000
0010001101101110
0011001101111000
0100001101011000
0101001101101110
0110001101110000
0111001101101111
0000001101110000
0001001101100101
0010001101100000
0011001101111000
0100001101010000
0101001101000000
1001111000001000
0110001101110110
0111001011001011
0000001110000000
0001001110001000
0010001101011100
0011001101100000
0100001101100110
0101001101011110
0110001101100101
0111001101101010
0000001101100110
0001001101101000
0010001101101010
0011001101101100
0100001101111011
0101001101101011
0110001101111110
0111001101101100
0000001101101010
0001001101100011
0010001101010100
0011001101011111
0100001101100111
0101001101101000
0110001101110000
0111001101110000
0000001101110010
0001001101101110
0010001101100000
0011001101100110
0100001101100101
0101001101101000
0110001101101100
0111001011110000
0000001110011000
0001001110011000
0010001110000000
0011001110000011
0100001101100110
0101001101101100
0110001101110000
0111001101101101
0000001101101110
0001001101100000
0010001101110110
0011001110000000
0100001101111110
0101001110000011
0110001110000000
0111001110000111
0000001101111100
0001001110000101
0010001101111110
0011001101110000
0100001101110110
0101001110000000
0110001101110000
0111001110000010
0000001101101101
0001001101111000
0010001101101110
0011001101111000
0100001101111110
0101001110000000
0110001101100110
0111001011100110
0000001110011101
0001001101011100
0010001101101011
0011001101001000
0100001101101011
0101001101110101
0110001101100111
0111001101011110
0000001101101010
0001001101101100
0010001101101100
0011001101111000
0100001101100001
0101001101100000
0110001101100111
0111001101110010
0000001101110101
0001001101101111
0010001101101101
0011001101100001
0100001101100110
0101001101101000
0110001101100010
0111001101100010
0000001101101000
0001001101110110
0010001101101011
0011001101100010
0100001101101110
0101001101100110
0110001110001101
0111001100000000
0000001110010110
0001001110010110
0010001110001100
0011001101110000
0100001101111000
0101001101100000
0110001101101011
0111001101100000
0000001110000000
0001001110000001
0010001101111100
0011001101111000
0100001101100000
0101001101101011
0110001101100110
0111001101100010
0000001101110010
0001001101101010
0010001110000011
0011001101110110
0100001110001100
0101001110000000
0110001110000010
0111001101111110
0000001101101100
0001001101111101
0010001101111110
0011001101111001
0100001110001100
0101001101110000
0010001010100011
0000000000000000


