2727.8462
2989.3845
3108.6155
2936.7693
2982.6155
2995.0000
3079.6924
2994.9231
2856.8462
3046.6155
3010.5386
2906.5386
3083.3845
3122.5386
2691.2307
3151.3845
3097.5386
3014.9231
3186.2307
2742.3076
3103.3845
2786.6155
3054.6155
2921.7693
3164.3845
2893.0769
3144.0000
2960.3845
3192.2307
3243.1538
3316.3076
3101.0769
2622.2307
3001.3076
2983.7693
2972.2307
2945.0769
2944.6155
2904.0769
2904.8462
2838.0000
2944.5386
2977.2307
2996.3076
2849.9231
3001.8462
2957.8462
3150.6155
3057.8462
2808.7693
2995.8462
3095.6155
3093.2307
3075.6155
3035.2307
19.0769
3066.7693
3089.3845
2894.6155
3152.3845
3083.7693
3041.1538
3100.1538
3109.3845
3289.7693
3174.4614
2943.2307
2755.3076
3074.8462
3076.1538
2912.5386
2960.5386
3174.6924
3163.7693
3158.0769
3153.6924
2832.7693
3107.2307
2938.0000
3187.4614
3014.2307
3034.8462
3178.3845
3169.9231
3127.1538
2680.8462
3142.7693
2760.3845
1259.7693
569.4615
3227.3076
2787.1538
1153.4615
2718.7693
1263.0769
3122.6924
2926.0769
2534.1538
2407.2307
3215.8462
2982.6924
2590.7693
2789.3845
3135.1538
3186.3076
3106.5386
2855.9231
3216.0000
3169.6155
3068.8462
3171.5386
3091.1538
2942.3076
2910.6155
2579.3076
2712.0000
3098.5386
2959.3076
2925.4614
2832.4614
2740.4614
2746.6155
1094.8462
1968.5386
3119.0769
2629.9231
2985.0000
2963.5386
2857.0000
81.8461
2390.7693
204.3077
3007.3845
2790.6924
3036.2307
2862.3076
77.4615
-0.7692
2628.8462
2792.5386
3128.5386
2687.3076
3042.6155
3318.0000
3081.7693
2879.5386
2853.7693
2965.3845
-10.1539
2372.7693
31.4615
2656.0769
2704.8462
3052.2307
3042.0000
2708.6155
0.5385
104.8461
1795.6155
2621.3845
179.5385
-12.6154
2840.7693
2304.6924
2980.7693
2741.4614
2473.4614
2982.4614
2504.5386
19.8461
2221.8462
-96.6154
2885.0000
2318.0769
3156.0000
3093.1538
80.6154
34.3077
2636.7693
2454.2307
2759.3845
2757.8462
3107.1538
3126.3076
229.6154
2356.0769
64.6923
83.0769
585.0000
241.0000
2298.6155
2421.6924
2300.6155
-55.4615
977.1538
-56.3077
1881.2307
1704.8462
2739.2307
3033.9231
-87.4615
-5.3077
365.7693
8.7692
274.0000
805.2307
-106.9231
-134.0769
2955.9231
3000.3076
3071.1538
3150.0000
2696.2307
2883.8462
3098.0769
2637.4614
3049.0769
3095.1538
2903.8462
2982.2307
3117.9231
2973.2307
3240.6155
2853.7693
1349.1538
1521.8462
2891.0000
2998.6924
2855.3076
2905.7693
2959.8462
2976.9231
2538.6155
1036.3846
2608.7693
430.7693
3001.0769
3081.5386
2988.3076
3190.6155
2819.0000
2744.7693
2820.9231
2710.4614
2663.7693
2942.3076
3138.7693
2863.9231
2848.6155
2611.1538
2810.4614
2715.5386
2750.6924
2535.0000
2687.3076
2732.2307
2746.6924
3177.6155
3277.0769
2530.3076
3259.6155
3203.1538
3168.5386
3025.2307
3305.0769
3024.3845
3112.0769
3398.7690
3403.0771
3388.3076
3310.5386
3333.0000
3233.5386
2726.0000
3159.8462
3143.6924
3161.4614
3153.0769
3124.6155
3149.3845
3166.0000
3167.0769
3005.6155
3049.6155
3047.1538
3260.7693
2495.0000
3175.6924
3014.4614
3105.4614
3104.0769
3142.0000
3144.6924
3097.4614
3068.0000
3095.6924
57.3077
3132.2307
3121.6924
3136.8462
3084.9231
3099.0769
3231.3845
3295.4614
3118.7693
3303.9231
3261.9231
3227.3845
3248.1538
3273.7693
3260.1538
3191.0769
2444.6155
3241.8462
2501.5386
3327.9231
2329.6155
3393.2307
3407.6152
3444.7690
3165.0000
3244.5386
3187.2307
3145.4614
3168.3076
2899.9231
3123.6924
3139.6155
3014.3076
2937.3076
3001.0000
3011.0000
3256.3076
2511.2307
3079.9231
2998.0769
3412.7690
3021.5386
2942.6924
3191.0769
2840.0769
3235.2307
3248.9231
3181.7693
3130.8462
2806.3845
3204.6155
3152.0769
3080.5386
3007.0000
3389.4614
3167.2307
3140.1538
2964.8462
3063.0769
2876.7693
2933.5386
2970.3076
3019.4614
2995.7693
3038.8462
2974.6155
3075.3845
3103.6155
2937.5386
2984.7693
2881.5386
2818.0000
2858.3076
2800.1538
2754.0000
2867.6924
2932.2307
2588.1538
2944.7693
3205.0769
2565.1538
2447.3076
3057.0769
2539.3845
2921.3076
2733.0769
2616.1538
2350.0000
3231.0000
3076.6155
3093.3845
3110.3076
3084.6924
3083.9231
3037.0000
3060.6155
3082.6155
2794.2307
3129.1538
3118.0000
2985.3845
3136.3076
2960.3845
3140.3845
3166.1538
3231.3845
3122.3076
3081.6155
3140.2307
3057.7693
3103.0769
3123.6155
873.3077
1300.8462
3099.4614
3041.1538
3088.0000
3245.6924
2505.0769
3291.6155
2913.1538
3072.5386
3048.9231
2952.6924
3032.8462
2893.2307
2825.0000
3048.8462
3080.4614
2622.7693
2789.7693
3044.1538
3070.5386
2826.5386
3168.6155
3036.5386
1092.6923
710.7693
2898.3845
2940.3845
2935.1538
2900.9231
2478.8462
2691.6924
2687.1538
2913.1538
1557.4614
902.0000
2733.4614
2787.6924
3022.6155
2922.9231
3092.0000
3118.5386
3065.1538
2993.1538
3044.6924
2800.6155
2879.6924
2357.1538
3053.6155
2960.3076
3073.6155
3017.7693
3125.8462
2905.6924
2045.3076
3273.5386
3230.6155
3079.0769
3122.9231
3214.8462
3106.0769
2899.3845
3140.8462
3115.1538
-16.3077
-33.1539
2734.2307
2724.8462
-39.1539
2827.3845
-24.9231
3136.6155
2821.3845
3058.3845
2661.7693
2990.8462
48.0000
34.1539
-8.3846
564.0000
2717.0000
3069.6924
3104.0769
3012.9231
-19.1539
-21.9231
232.6154
142.6923
100.3077
455.9231
121.4615
111.3077
1.8461
341.3846
134.9231
65.9231
2583.9231
2236.1538
2491.3845
1982.8462
2840.6155
2870.7693
2719.3076
2298.1538
3201.3076
3108.6155
2920.6924
2637.5386
909.2307
-70.4615
-108.8461
420.1538
2973.0000
3267.6924
3334.3076
3280.0769
2968.3076
3100.7693
-10.1539
1783.7693
3302.0769
3027.0769
3245.5386
2890.9231
2891.8462
3124.6155
3195.5386
2778.1538
3030.4614
3172.0769
2775.6924
3189.3076
3297.0769
2962.2307
3152.4614
3333.6924
104.6154
1793.3845
1436.5386
83.6923
1620.2307
2883.2307
1652.7693
2881.8462
2884.5386
1721.4614
1764.5386
2966.6155
-167.2308
479.5385
-49.8461
1831.3076
3061.2307
3197.2307
2888.5386
3068.8462
2822.0769
2833.6155
2751.1538
2774.7693
3046.7693
2857.0769
3160.9231
3046.0769
2721.0000
2773.5386
3118.6924
2770.5386
3288.6155
2570.3076
3303.9231
3220.2307
2988.3076
2601.3076
3219.1538
3154.7693
2980.3845
3081.1538
3232.9231
3147.4614
3321.4614
3275.8462
3304.4614
2963.7693
3397.0000
3273.6155
3230.3845
3245.7693
3211.8462
3034.7693
3015.6924
3224.3076
3248.9231
3296.3845
3305.6924
3305.6155
76.5385
3356.2307
2920.3076
2442.3076
3115.7693
3073.2307
2930.0000
3043.6155
3007.3076
2979.6155
2963.7693
3017.7693
3032.6924
3035.1538
3067.6155
3067.9231
3028.8462
3017.1538
3153.7693
3199.5386
2865.9231
2857.4614
2187.7693
2841.3076
2836.6155
2853.1538
2751.4614
2809.7693
2833.5386
1903.4614
2882.0769
2623.5386
2942.0000
2937.5386
2902.7693
3059.9231
3093.8462
2621.3845
3072.3076
3152.2307
3170.5386
3196.6924
3224.6155
3182.3076
3056.7693
3037.0000
3043.6924
3147.7693
2787.0769
2988.3845
3120.6155
3062.4614
2181.0000
2584.3076
3077.6155
3107.0000
2761.0769
3044.0769
3119.3845
2734.0000
2889.5386
3011.0769
3043.6155
2489.2307
3006.9231
3246.3845
2951.0769
2980.2307
3303.1538
3181.0000
3132.8462
3156.5386
3169.2307
3085.8462
3146.9231
3159.3845
3080.4614
3143.5386
3037.6155
3109.2307
3222.3076
3262.9231
3323.7693
3309.0000
2789.7693
3153.0000
2860.3076
2896.0000
2751.9231
2928.9231
3010.6924
3046.0769
2818.6924
2399.3845
2804.2307
2568.2307
3064.5386
2211.8462
2637.5386
2777.2307
3132.8462
3244.3845
3223.3845
3233.0769
3210.7693
3199.0000
3121.6155
2863.7693
3016.4614
3142.0000
3210.9231
3073.4614
3298.5386
3297.0000
2901.6155
3190.6924
3238.7693
3190.7693
3103.0769
3072.9231
3158.9231
3104.2307
3127.0000
3094.2307
3115.8462
3154.6155
3130.2307
3184.3076
2526.6155
3138.5386
2395.0000
3080.2307
3363.0769
3339.0000
3382.7693
3248.8462
3267.4614
3121.4614
3327.6924
3180.9231
3334.3076
3168.6155
2987.6155
2921.2307
3111.6924
3463.2310
3536.7690
3187.5386
2806.3076
2907.1538
2782.0769
3208.7693
3126.9231
3134.7693
3051.9231
3143.9231
2984.0000
3003.1538
2603.3076
2686.8462
3226.4614
2712.2307
3147.1538
3008.2307
3125.6155
3259.6155
3134.4614
3177.4614
3124.5386
3080.4614
3178.4614
2998.4614
3180.4614
3241.9231
3169.4614
3207.0769
3141.4614
3129.2307
3121.9231
3164.6924
3417.3848
3121.1538
3132.6924
3122.2307
3165.0000
3046.4614
3352.0000
2985.6155
2974.0000
3234.3076
3200.3845
3299.7693
3368.8462
2950.3845
2900.0000
3209.6155
3039.2307
3084.9231
3064.6924
2935.2307
2958.0769
3075.3076
3062.5386
3068.8462
3056.3076
3041.1538
3001.5386
3109.9231
3194.2307
3105.3076
2965.9231
3216.8462
3169.6155
2818.6155
3041.8462
3101.2307
2643.6155
2887.8462
2768.2307
2839.0769
3080.3076
3071.2307
2941.6924
3154.4614
2884.2307
2494.3076
2886.0000
2785.0769
2758.8462
3310.2307
1616.3845
1736.0769
1693.7693
1248.6923
3072.2307
3157.8462
-132.6923
1167.8462
1577.8462
-15.9231
1748.0000
1420.2307
-175.2308
-72.6923
2798.0769
2970.3845
3043.6155
3025.5386
3114.0000
3037.3076
3028.7693
3075.3076
3085.2307
3160.5386
3146.9231
3234.4614
3221.5386
3201.0769
3322.5386
3377.8462
-103.1539
577.2307
-22.3077
73.3846
319.0000
2975.3845
3112.0000
285.8461
-17.5385
1310.6154
-49.9231
2460.9231
3172.4614
3249.3845
396.3846
864.3846
1171.6923
2601.8462
1572.0769
2824.3076
1495.8462
1082.9231
2237.5386
2912.0000
1366.4614
-34.5385
1862.4614
69.4615
1977.3076
1706.6924
-16.3846
4.1539
-63.3846
2149.0769
-24.5385
2826.3845
-3.2308
2744.0769
2576.5386
199.1539
2837.5386
2810.9231
2967.9231
869.6923
2692.6155
3013.6155
2512.0000
865.5385
3247.7693
2994.6155
3169.8462
3003.6924
3037.6155
3033.1538
3109.7693
3114.3076
3124.3076
3154.0769
3134.2307
3189.8462
2870.4614
3167.4614
3128.3845
3337.6155
3067.6924
3173.6155
3124.3076
3071.6155
3118.2307
2207.0769
2889.0769
2844.9231
2875.0000
3077.0000
2958.3845
2908.0000
2219.9231
2783.0769
3049.7693
3117.9231
3026.3845
3114.5386
3215.1538
3130.6155
3201.2307
2875.3845
3186.9231
2835.2307
3296.4614
3051.3076
2966.7693
3060.6924
2983.1538
2850.3845
2857.3845
3461.4614
-2.5385
26.7692
2818.7693
4.0769
-0.5385
-4.6923
-2.5385
-6.3846
-0.4615
-1.2308
1.6154
-8.5385
-5.2308
-4.6154
-5.2308
-10.2308
-13.1539
-8.6923
-14.3077
-13.7692
-12.4615
-12.9231
-9.6923
-10.6154
-9.6154
-12.3077
-17.6154
-13.5385
-10.5385
-10.5385
-8.3846
-7.0769
3325.1538
3301.6155
2829.8462
3248.7693
3269.4614
3258.4614
3216.6924
3254.4614
3242.9231
3253.6155
3224.2307
3294.2307
3305.1538
3347.5386
3193.0769
3454.0771
2023.6155
3144.2307
3108.3845
3105.0000
3006.4614
2435.0000
3076.5386
3077.3076
2964.2307
1954.8462
3071.6924
2715.6155
3168.4614
3159.4614
3194.7693
3219.2307
3216.5386
3038.5386
3232.0769
3206.8462
3111.9231
3152.6155
3201.4614
3155.4614
2839.9231
2927.8462
3116.4614
3160.2307
3236.0769
3053.8462
3230.2307
3269.4614
3333.8462
2980.3076
3262.6924
3210.3076
3101.8462
2823.9231
3168.6924
2853.8462
3169.3845
3179.6924
3080.1538
2794.8462
3268.3076
3253.9231
3262.5386
2869.9231
3232.1538
3342.0000
3078.3845
2973.5386
3327.6155
3301.2307
3286.8462
3237.3845
3289.3076
3070.7693
3233.6155
3213.6924
3073.3845
3210.0000
3383.0000
3163.6924
2931.6924
3004.0000
2916.3076
2773.2307
2839.1538
2629.6924
2785.6155
2735.7693
3106.3076
3120.8462
3114.4614
3148.7693
3211.0769
2864.9231
2754.6155
3156.0000
2936.8462
2793.3076
3057.3845
2999.6924
2900.3845
2834.9231
3035.9231
2872.9231
3015.5386
3029.6155
2929.9231
3095.6155
2944.0000
3060.7693
3089.7693
3225.9231
3230.7693
3090.6924
3130.6155
3145.3845
2713.8462
3237.0000
2877.2307
2980.9231
3104.8462
3087.0000
3043.6924
3118.6155
3160.3076
3093.0769
3301.2307
2974.3845
70.3846
3191.4614
3167.0769
3120.6155
2765.1538
3091.7693
3058.6155
3080.4614
3094.3845
3108.3845
3124.9231
3035.1538
3093.2307
3054.6155
3125.3845
3166.6155
3262.1538
2951.4614
2789.3076
3176.1538
3044.8462
3183.2307
2936.0000
2829.0000
2866.4614
2804.2307
3104.9231
2744.7693
2802.0769
2684.6155
2833.0000
2776.3076
2999.0769
2902.5386
2977.0769
2937.6155
2899.5386
2921.0000
2827.3076
2888.3076
2900.8462
2880.0000
2907.5386
3016.8462
2949.0769
2995.4614
2994.0000
2942.4614
3005.0000
2926.3076
3051.4614
2949.9231
2889.0769
2831.6924
2806.1538
2819.0769
-96.6923
93.0769
2518.3076
2313.0769
-38.6154
2302.3076
182.6923
1991.0000
3087.2307
2750.8462
3077.1538
2944.3076
2980.0000
3000.6155
2961.4614
2465.2307
2910.4614
2981.4614
2894.0000
2898.1538
3074.2307
3107.5386
3087.0769
2449.6155
399.6154
2910.7693
2559.0000
2837.3845
2649.4614
2884.2307
3200.7693
2945.6924
3136.4614
3210.2307
306.6154
145.6923
3205.6924
3333.5386
3367.1538
3385.1538
-118.3077
1902.3845
26.9231
2144.0769
1130.6923
2886.8462
2941.3845
1465.6155
-88.4615
-49.7692
-0.1539
23.6923
633.2307
3048.3076
2854.4614
599.7693
472.0000
269.9231
3086.2307
2823.5386
1626.6924
4.3077
2212.1538
-19.1539
478.5385
2970.6155
2826.0769
812.5385
342.3077
2169.8462
-94.6154
-64.6923
-59.4615
-76.3846
-90.0000
675.3846
3091.3076
3057.4614
20.1539
3077.3845
2955.8462
3011.1538
3057.8462
3064.3076
2134.8462
-88.7692
400.5385
-46.0000
2119.6924
2402.1538
2707.6155
2967.2307
2722.7693
1392.9231
2456.0769
1521.7693
1673.3076
2937.3845
2968.4614
3101.0000
2478.4614
2770.7693
1872.4614
3132.3845
1786.8462
1540.4614
9.8461
-77.2308
6.2308
-33.6923
476.1538
1073.9231
3325.8462
3216.8462
3070.8462
3407.3076
476.6923
3396.0000
2237.6155
1989.3076
3151.2307
3021.1538
3156.9231
3173.6924
2918.1538
3203.2307
2959.1538
3139.2307
3223.7693
3103.3845
3221.1538
3027.0769
3110.5386
2957.4614
3242.3845
3217.6155
155.7692
3131.8462
2851.8462
-20.5385
2094.2307
3114.5386
2909.7693
2255.3076
-96.3846
-126.6923
-70.5385
242.6923
2707.7693
3234.9231
2471.8462
2827.9231
2666.6155
3093.2307
3018.4614
3148.9231
2642.6155
2923.3845
3063.2307
2701.1538
2745.2307
3151.8462
2980.2307
2919.9231
3152.8462
3081.3845
2636.9231
3137.1538
1645.4614
2111.4614
3159.3076
3191.3845
3100.5386
3113.0769
2431.9231
2947.8462
3139.9231
3013.9231
3185.1538
3143.8462
3058.5386
3162.3845
3256.4614
3215.6155
3243.0000
3300.6155
3221.5386
3213.2307
3118.3076
3185.7693
3034.5386
3169.1538
3202.9231
3072.8462
3102.0000
3226.6155
3224.6924
3249.7693
3005.9231
3031.0000
3103.3845
3103.6924
3081.6155
3066.4614
2963.0769
2867.9231
2994.4614
2501.8462
2698.6924
2951.0000
3016.2307
2742.6924
2392.8462
3002.6155
110.3077
3122.0769
2999.6924
2933.0769
3261.1538
2702.0000
3240.3076
3086.6924
2927.4614
3043.9231
3123.4614
2938.1538
3210.3076
2692.6155
2879.3076
2830.6155
2906.2307
2880.6924
3286.1538
3189.9231
3150.0769
3215.3845
2816.2307
2988.9231
3199.2307
3088.0000
2981.7693
2858.3845
3088.8462
3215.2307
3193.7693
3089.6155
2736.6924
3093.3845
3386.0769
3066.6155
3309.5386
3298.9231
3107.0000
3062.0000
3223.0000
3079.0000
3158.7693
3096.0769
2743.3076
3066.9231
3131.6924
3280.3076
2949.8462
2911.6155
7.7692
7.0000
7.5385
12.4615
4.8461
7.6923
5.2308
12.3846
7.3077
9.3077
13.1539
8.1539
8.2308
7.8461
9.1539
6.5385
3248.4614
3173.2307
3144.7693
3143.3076
3071.2307
3066.1538
3119.8462
3064.9231
3007.4614
2904.0000
3122.0769
2808.6924
3095.5386
2872.8462
2770.5386
3018.2307
3239.3076
3225.8462
3142.6155
2920.8462
3137.7693
2964.3845
3136.2307
3136.3076
3165.7693
3049.3076
2811.0000
2988.7693
3155.9231
3298.0769
3320.1538
2992.3076
69.8461
3128.3076
3102.3845
3091.2307
3039.3845
2999.8462
3031.0000
3027.0000
3037.4614
3039.1538
3050.3076
3120.4614
2946.2307
3086.9231
2945.1538
3069.0769
3302.5386
3224.4614
3311.1538
3319.1538
3346.3076
3150.8462
3088.4614
3182.1538
3210.6155
3113.1538
3051.2307
3263.2307
3186.0000
3127.0000
3257.0769
2967.3845
3050.3076
3086.5386
3121.6924
2973.9231
2886.9231
2952.9231
2598.8462
2775.1538
3032.4614
2877.6155
2906.3076
3113.6155
2801.9231
2446.4614
2829.0000
2758.7693
2895.3076
3092.3076
3161.6924
3121.0000
3038.3076
3029.3076
3076.6924
3105.3076
2978.0769
3058.1538
3137.6155
3148.5386
3191.8462
3205.4614
3263.9231
3308.6155
2949.6155
2950.1538
2949.9231
2554.6924
2914.7693
2741.2307
2813.9231
2848.2307
8.2308
271.6923
47.6923
409.2307
-101.6923
638.4615
-28.3077
446.8462
3210.6924
3095.4614
3055.3076
3076.0000
3080.8462
3000.3076
3133.6924
3053.4614
2894.2307
2873.6924
3123.9231
2899.8462
3057.1538
3118.9231
3234.6155
3272.3845
1944.1538
2617.7693
2201.2307
2300.3845
2736.6924
2927.3845
2941.2307
2557.8462
372.2307
1115.7693
191.4615
242.4615
2835.6924
2356.1538
3078.8462
2509.3076
91.8461
-94.8461
725.2307
-101.1539
2997.6155
2900.1538
2971.5386
2975.3076
-68.1539
-32.8461
662.6923
714.7693
2813.0769
3030.7693
3144.4614
3092.6924
2885.8462
3202.8462
3002.6155
3149.7693
43.0000
572.8462
138.0000
666.7693
2686.6155
3062.2307
3071.6155
2811.6924
-12.8461
-110.8461
21.5385
44.6154
1873.3076
1575.2307
3175.1538
3070.3076
3123.3845
2798.4614
3093.5386
3108.8462
2920.2307
2635.5386
2485.0769
-42.9231
2948.8462
3146.9231
3203.1538
3285.3845
3080.9231
2934.0769
3143.0000
3149.3076
3069.6924
3100.5386
3072.3076
3119.6155
2653.6924
3073.5386
2658.5386
2973.4614
2135.4614
2502.3076
3162.0000
3130.0769
44.7692
-82.2308
247.2308
-25.6923
-82.7692
-110.4615
-5.3077
1.5385
1957.4614
3064.7693
3135.5386
3132.0769
3195.3845
3241.5386
2941.4614
2845.3845
3079.9231
3323.1538
3166.6924
2988.3845
3249.6155
3282.3845
3071.2307
3238.6924
3362.2307
3257.7693
3270.7693
3008.0769
2944.6924
2944.3845
3352.4614
3396.1538
1860.5386
3096.8462
3355.3845
2517.8462
3329.1538
1353.1538
1029.6154
3106.7693
308.0769
-95.9231
428.2307
-64.3846
2129.4614
3359.0769
3278.9231
3309.8462
3211.4614
2914.6155
3335.9231
3024.8462
3126.7693
2878.6155
2843.9231
2848.6155
2995.3845
2488.6924
3002.6155
2964.6155
3346.6924
3378.6924
2828.5386
3028.1538
2616.2307
1811.9231
3278.4614
3312.5386
3196.6155
3287.3845
2597.6924
2563.0000
2637.7693
3039.6924
3033.0000
3234.0000
3225.8462
3320.6155
3295.0000
3404.6152
3229.2307
3090.0769
3162.5386
3167.6155
2831.6924
3173.6924
3120.3076
3103.9231
3115.4614
3079.6924
2935.2307
3046.9231
3158.3076
3241.8462
3291.0000
3121.3845
3186.2307
3183.8462
3060.3845
3086.7693
3053.5386
2389.8462
3047.6155
2349.7693
2065.8462
3089.6155
3111.5386
2467.3076
3151.7693
3184.3845
3247.2307
3292.7693
3083.3076
2966.4614
3004.6155
2679.3076
2975.6924
2950.7693
2968.7693
2791.9231
2971.8462
2692.3076
2843.5386
2809.0000
2722.0769
2838.1538
2719.8462
2895.6924
3069.4614
2927.5386
2993.2307
2944.7693
3009.0769
2940.4614
2953.3076
2928.6155
2913.3845
2772.7693
2819.6155
2719.6924
3060.7693
2949.6924
2858.1538
2973.3076
2844.0769
3013.0000
3165.8462
3115.6155
2987.6924
2710.3076
3080.7693
2837.3076
3204.8462
3059.1538
3172.6155
3093.3845
3324.0000
55.6923
3371.3845
3415.5386
2890.5386
2988.9231
3220.9231
3197.6155
3166.2307
3102.2307
3129.0769
3231.5386
3188.4614
2815.8462
3134.9231
2509.3076
3214.0769
3277.6155
3312.5386
3390.2307
2989.8462
3178.6924
3280.8462
3199.6924
3231.0769
3249.7693
3192.4614
3247.2307
-31.6923
-94.2308
-119.6923
-57.7692
2620.9231
2334.6924
2918.9231
2805.5386
2515.7693
2967.7693
2930.0000
2921.0769
2830.7693
2866.3076
1287.1538
2382.8462
2767.6924
2802.5386
2720.6155
2808.6155
2911.8462
2944.0769
2981.1538
3060.0000
3156.6155
3116.7693
3093.2307
3047.3845
3032.8462
2991.4614
2880.4614
3022.7693
2851.8462
2895.0000
2846.7693
2800.8462
3046.3845
2954.0769
2913.0000
3077.3845
3298.4614
3260.2307
3227.2307
3109.3076
3130.8462
3028.5386
3057.9231
3040.9231
3136.0000
3173.1538
3155.3076
3181.4614
3273.6924
3359.6924
3406.4614
3478.0000
1624.2307
1239.6923
1424.0000
929.3846
2319.6924
2468.5386
2441.8462
2479.0000
2746.6924
2798.8462
2656.6924
2864.7693
2665.6155
2694.0000
2559.0000
2578.8462
3371.1538
3269.7693
3303.1538
43.1539
3203.6924
3198.0000
2219.3845
3172.4614
3088.7693
3169.1538
2801.8462
3199.6155
3013.3076
3177.4614
3208.3845
3421.6152
3193.6924
3088.2307
3171.6924
2957.6924
3058.0000
2851.7693
2967.7693
2860.3076
3133.8462
2850.4614
1885.1538
3140.7693
2999.7693
2739.6924
3177.6924
3137.9231
3313.4614
3154.4614
3199.5386
3117.6155
3202.4614
3202.5386
3202.0000
3204.2307
3087.6924
2866.6924
2917.6155
3090.3076
3225.3076
3280.8462
3339.3845
3393.6155
3250.5386
3247.3845
3174.3076
3091.6924
1131.3846
3122.1538
3154.3845
3089.0769
2750.0000
3066.3076
2774.0000
3044.3076
3229.3076
3225.7693
109.9231
3327.8462
3130.3076
2766.3845
3080.6155
3038.3076
3200.5386
3202.8462
3217.0000
3213.7693
2598.8462
3127.3076
3203.0000
2580.9231
3275.8462
3285.9231
3300.6924
3334.9231
3415.0000
3344.9231
3362.3845
3315.3845
3026.8462
3093.6924
3225.3076
3170.4614
3299.8462
3301.2307
3324.2307
3353.2307
3043.2307
3178.6155
3179.3076
3356.3076
2688.3076
3251.3076
3200.6924
2730.6924
1058.2307
93.1539
540.4615
1580.1538
2993.2307
2715.7693
2654.2307
2925.6924
2847.6155
3145.3845
3016.0000
3058.1538
3001.7693
3136.0769
2851.0000
3090.3845
2973.2307
2810.1538
2635.3845
2510.3076
2748.0000
2845.6155
2839.0000
3003.0000
2503.7693
2653.3076
2654.0000
2530.3076
